mtrx[0] =
¦£      1.00      2.00      3.00      4.00      5.00      6.00      7.00¦¤
¦¢      2.00      3.00      4.00      5.00      1.00      7.00      8.00¦¢
¦¢      3.00      2.00      5.00      3.00      2.00      4.00      6.00¦¢
¦¢      4.00      3.00      2.00      7.00      2.00      1.00      9.00¦¢
¦¦      5.00      4.00      3.00      2.00      9.00      6.00      9.00¦¥


mtrx[1] =
¦£      1.00      0.00      0.00      0.00      0.00      1.00      2.00¦¤
¦¢      0.00      1.00      0.00      0.00      0.00      2.00      3.00¦¢
¦¢      0.00      0.00      1.00      0.00      0.00      3.00      4.00¦¢
¦¢      0.00      0.00      0.00      1.00      0.00      4.00      5.00¦¢
¦¦      0.00      0.00      0.00      0.00      1.00      5.00      6.00¦¥


mtrx[2] =
¦£      1.00      2.00      3.00      4.00      5.00¦¤
¦¢      6.00      7.00      2.00      3.00      4.00¦¢
¦¢      5.00      1.00      7.00      8.00      3.00¦¢
¦¢      2.00      5.00      3.00      2.00      4.00¦¢
¦¢      6.00      4.00      3.00      2.00      7.00¦¢
¦¢      2.00      1.00      9.00      5.00      4.00¦¢
¦¦      3.00      2.00      9.00      6.00      9.00¦¥


mtrx[3] = mtrx[0] + mtrx[1] =
¦£      2.00      2.00      3.00      4.00      5.00      7.00      9.00¦¤
¦¢      2.00      4.00      4.00      5.00      1.00      9.00     11.00¦¢
¦¢      3.00      2.00      6.00      3.00      2.00      7.00     10.00¦¢
¦¢      4.00      3.00      2.00      8.00      2.00      5.00     14.00¦¢
¦¦      5.00      4.00      3.00      2.00     10.00     11.00     15.00¦¥


mtrx[4] = mtrx[0] - mtrx[1] =
¦£      0.00      2.00      3.00      4.00      5.00      5.00      5.00¦¤
¦¢      2.00      2.00      4.00      5.00      1.00      5.00      5.00¦¢
¦¢      3.00      2.00      4.00      3.00      2.00      1.00      2.00¦¢
¦¢      4.00      3.00      2.00      6.00      2.00     -3.00      4.00¦¢
¦¦      5.00      4.00      3.00      2.00      8.00      1.00      3.00¦¥


mtrx[5] = mtrx[0] * mtrx[2] =
¦£     21.00     14.00     63.00     42.00     63.00¦¤
¦¢     24.00     16.00     72.00     48.00     72.00¦¢
¦¢     18.00     12.00     54.00     36.00     54.00¦¢
¦¢     27.00     18.00     81.00     54.00     81.00¦¢
¦¦     27.00     18.00     81.00     54.00     81.00¦¥


mtrx[6] = ~mtrx[5] (transposed matrix) =
¦£     21.00     24.00     18.00     27.00     27.00¦¤
¦¢     14.00     16.00     12.00     18.00     18.00¦¢
¦¢     63.00     72.00     54.00     81.00     81.00¦¢
¦¢     42.00     48.00     36.00     54.00     54.00¦¢
¦¦     63.00     72.00     54.00     81.00     81.00¦¥


mtrx[5] and mtrx[6] are not equal.
Mtrx status
avg : 45.24, var : 2624.84, st_dev : 51.23
Add status
¦£     21.00     24.00     18.00     27.00     27.00    117.00¦¤
¦¢     14.00     16.00     12.00     18.00     18.00     78.00¦¢
¦¢     63.00     72.00     54.00     81.00     81.00    351.00¦¢
¦¢     42.00     48.00     36.00     54.00     54.00    234.00¦¢
¦¢     63.00     72.00     54.00     81.00     81.00    351.00¦¢
¦¦    203.00    232.00    174.00    261.00    261.00   1131.00¦¥


