mA = 
¦£      1.00      2.00      3.00      4.00¦¤
¦¢      2.00      3.00      4.00      5.00¦¢
¦¦      3.00      2.00      5.00      3.00¦¥

mB = 
¦£      1.00      0.00      0.00      1.00¦¤
¦¢      0.00      1.00      0.00      0.00¦¢
¦¦      0.00      0.00      1.00      0.00¦¥

mA and mB are not equal
mG = ~mA =
¦£      1.00      2.00      3.00¦¤
¦¢      2.00      3.00      2.00¦¢
¦¢      3.00      4.00      5.00¦¢
¦¦      4.00      5.00      3.00¦¥

